100008798497116
100006121741364
100046553951138
100044460785331
100054574548836
100039875647470
100054015071569
100045753372832
100052830435085
100040376703475
100043092615981
100054595122614
100050414238026
100003395356509
100008798497116
100006121741364
100047330164544
100051478960481
100014633915794
100054170822705
100051307040034
100054760039925
100051379290564
100008798497116
100006121741364
100003690736138
100015886387406
100047999761366
100043784382885
100015030947454
100050791973401
100051847689021
100021656054208
100051992090506
100050015912286
100042707777819
100052392468609
100054602993068
