100003743060504
100044684046685
100047598526509
100049370744687
100050676438496
100051309554193
100053835635975
100045022630056
100019142274391
100050640150860
100050671903049
100053577075447
100052256752113
100052423724696
100020024089648
100044409815236
100028826285329
100052414815311
100048603915328
100031440528947
100041920838251
100042340701033
100047559410325
100038930563118
100054397841571
100054786331362
100044797102769
100020233463362
100046767310729
100048218232666
100053989712117
100048835202467
100054002062111
100050512658840
100053081680924
100053112383852
100053235541139
100043415204689
100051200142456
100051237472771
100053139251425
100053364024360
100053588924421
100053234093514
100043681128561
100022667810501
100007557334887
100022706116406
100022692497991
100053952383929
100053485114602
100046635200929
100040595751310
100044469855588
100042191324406
100053927085618
100051857256306
100053491327621
100051919642275
100051919642275
100047278098844
100050361383979
100051923114622
100043885730646
100050968607434
100050667796471
100048328351612
100048689406102
100049648055972
100048893448162
100049870187854
100050418545586
100048421866492
100048600638808
100045107711179
100043910463565
100042002191580
100022740671790
100042142565355
100045466710393
100042997254067
100042988033292
100043762037808
100050196405669
100046518709661
100043070086948
100045087851978
100047232130944
100046741565699
100049948085647
100035272986245
100026049637445
100005030113150
100054508431987
100007459426566
100006793055665
100009664638305
100008208970380
100006359597609
100006939633365
100039944810761
100054128452091
100051303830640
100022850078951
100046635200929
100050073431596
100053136399259
100050305125719
100041848868313
100053687946978
100004078931122
100002665526760
100050860153925
100044446639197
100003321610912
100036676747298
100050639405590
100024376100917
100030816520162
100012444273102
100005833176074
100009342895651
100044040534234
100053273472351
100051850875033
100046382555637
100006528375198
100052149960379
100037354331120
100037578583609
100051760545025
100047192612679
100049536491405
100053994402460
100043382101474
100010296522101
100030714744204
100003464947016
100043481461623
100041093203257
100044736901704
100044109551371
100042802582818
100040096434385
100050607010169
100044859321515
100022591801513
100049595237274
100007588368333
100043433257233
100042273464867
100050931621222
100003632716877
100033771140964
100015954968783
100043257614053
100045625960291
100042291873528
100006268542923
100008340796212
100051961545217
100050559241155
100011060460135
100053463110854
100002499802142
100016890941266
100007558261803
100051187538548
100054003280799
100053324659302
100043920371494
100028394797539
100037212557295
100051604366552
100013810035825
100008208970380
100013889867176
100044440599524
100047507032424
100045964202345
100047819250384
100001287112529
100041380974188
100053860028146
100041143121917
100042448312361
100042220362374
100007919353492
100008150628709
100019531603440
100035710937303
100000788555805
100003864423356
100042388488973
100012525540613
100014834018899
100008087203966
100050658472838
100051791363405
100013962513388
100050382560667
100031533970507
100043916537258
100041515985076
100028440035531
100006557688998
100048647381285
100039396707576
100011564533232
100006550840276
100025533767982
100046557518359
100037573333502
100005550785648
100008684684874
100036068736630
100007251484473
100044588821207
100008308907591
100011939582212
100040309085215
100044302233314
100014903080870
100054952475042
100005111190767
100019765118993
100023354193541
100017074698623
100003051198297
100014853887758
100002498990444
100012857624642
100025980974515
100041006017367
100005906072739
100016348242686
100016348242686
100008126858153
100054913717533
100036593011138
100008285529267
100008285529267
100008285529267
100008285529267
100008285529267
100008285529267
100008285529267
100038845639350
100042420016324
100007146912374
100001223051960
100024547480989
100002609402958
100032684180268
100026049637445
100005030113150
100054508431987
100007459426566
100006793055665
100009664638305
100008208970380
100006359597609
100006939633365
100032013915689
100014429652762
100035915381151
100027900907686
100005384700149
100004117188730
100005632475996
100002653309066
100002827787995
100025352251795
100004198480919
100004522171344
100013065004264
100027236691484
100023639415587
100042008940407
100025735740487
100002155467786
100010320602306
100011280013647
100050747387682
100050580309291
100050774000644
100002967746946
100007626781755
100017084652306
100038676383716
100000412826456
100001538985408
100014686356270
100053283402291
100002445190126
100044046423588
100053238513020
100044741984436
100042439249685
100008983005145
100006651159949
100036003012877
100021841650731
100017401276544
100013268290307
100027805629525
100009116903107
100037546719613
100053763151543
100052123681096
100040607490068
100053349409788
100037537431651
100003706942817
100046125092961
100040763312451
100005849291641
1614182559
100038929637591
100006838441902
100054062031426
100007384982916
100007778384272
100044018707323
100022715461868
100005824295163
100007038913010
100014516116323
100020267051549
100032051073497
100007519381126
100007223443223
100006007418483
100032829503934
100006772595180
100008084950498
100010277344740
100012596768757
100022764274093
100012750944526
100006314732658
100008152993037
100028132837274
100009837098107
100005636765697
100006784803861
100015352992327
100015322115932
100032139128083
100053191610097
100054308003256
100054175429149
100043916537258
100009212472394
100023586674007
100034469193290
100006491701206
100011393481858
100009500110674
100011635621339
100009428300429
100026049637445
100005030113150
100054508431987
100007459426566
100006793055665
100009664638305
100008208970380
100006359597609
100006939633365
100015322115932
100006795840545
100005375643175
100006494979605
100011030257005
100023113238270
100038164027258
100028278314566
100008284395705
100051740630735
100003851539390
100031594127838
100029795112755
100011393481858
100006446471431
100003877964437
100024493391276
100045167328742
100024759801477
100028893510347
100003396978724
100005201080171
100010163353247
100003570693974
100027010366388
100030024288635
100026777679994
100007582354905
100007511315094
100005947629850
100005742488647
100009445058185
100013565581024
100012200112431
100023509565553
100009258818692
100025587274171
100001537042298
100025090393013
100014198587768
100003356570200
100023544113921
100019385225134
100007743990692
100015695798843
100001552635414
100003041708902
100007236796567
100003516310915
100003686685709
100004346988856
100010186110385
100011978684642
100039133989101
100009183375234
100006114009829
100006190810825
100000947179814
100011157000774
100003352775784
100005014532797
100006758859390
100003279194981
100006477039821
100002927701654
100004006700629
100007049792011
100004917030547
100003908713560
100049056881465
100053345884148
100003522856845
100005119356463
100008059067141
100016689494090
100016365540518
100004160674190
100002808406898
100005004995323
100038081538998
100003066385713
100053836541803
100043888627073
100002443479456
100021864441282
100048662236628
100023415522358
100017498554014
100014263116211
100031243720236
100034697191547
100008105263518
100003500512570
100015917619771
100009122503727
100021871984579
100001510253409
100004219209083
100002892415190
100008101540947
100003051348629
100007403010965
100009506658413
100006151801251
100023823336246
100003216212282
100004381683083
100023885662323
1789710236
100008236357506
100006705311229
100045952907928
100020737335507
100004031605991
100008048282221
100012174964469
100026402660537
100009416723141
100052281783951
100035501373973
100025944131219
100028076711095
100011717281083
100014837529378
100028229085794
100026915089671
100015635957162
100029125037518
100027936939283
100004507454046
100050856878854
100054221164703
100032527275590
100015888973994
100007220890333
100052693299261
100011307871172
100050748099043
100052777021441
100004840504580
100006703534128
100051424719665
100009814152109
100025300089987
100003163898764
100027811715000
100010100207085
100005251330417
100025589769075
100004028913233
100004477841308
100010071615277
100006682063200
100023232844917
100035225671714
100025934953280
100053951741317
100007765664624
100054918128108
100051057796733
100007409460167
100012711879741
100037186763288
100024101115438
100010804747330
100014148132236
100043146162907
100024956564674
100004534089655
100043554608065
100001415337275
100003487844128
100029179964222
100010117244885
100005190842757
100003052202184
100006725140824
100005922399671
100004004007019
100000358163626
1498664857
100007178413268
100004594446134
100025963331712
100004617999248
100001903436567
100001890101247
100005641921735
100028203230367
100007752573033
100015329732662
100008319318735
100012213132543
100003634852793
100010160894751
100006168300125
100007166563289
100001815152057
100014565854448
100054940836454
100013592160446
100006965496890
100050044988964
100004430087796
100006879374456
100040141179533
100008804594040
100030930212016
100010320169483
100007595162775
100031460032183
100046783472661
100001464212299
100005937134561
100012907564878
100009962431532
100024733823463
100011866187302
100049152947073
100048736836504
100031790721403
100047597138276
100042648371248
100016631529975
100025041427641
100001855720862
100047827142563
100034561208247
100025897980179
100007452816161
100035004907062
100041340314892
100027001520226
100044721047024
100006782855968
100053741533998
100006600250475
100030373073282
100035296333018
100008195500141
100001429930515
100045942080913
100045881139383
100033771336399
100020885001154
100025781595979
100030030039370
100001633508559
100044002929404
100016191032573
100029924739238
100046490135598
100052092586490
100049618443700
100047178067242
100040591514083
100046490748739
100004198927959
100015706962242
100002743680554
100009843965993
100005162370734
100008538304794
100035767921627
100015625989026
100037015832664
100024752208228
100048265339759
100051818288260
100037502881878
100027094330011
100006780918909
100041072890823
100010674938936
100003592289105
100026422302514
100048983651582
100035793904536
100008535964443
100013746034470
100033572951504
100010873743642
100012337113815
100001256230513
100006045967537
100052008037184
100013126485663
100032660112773
100003827711125
100012253935560
100003648498350
100041618002941
100034886693270
100035014321997
100002110968464
100050710220296
100053566309598
100052992651022
100024359689140
100053168195086
100052529889654
100014000715622
100028640475964
100044806742454
100005028510429
100040447278433
100033499030810
100012789642650
100044052498448
100006220422718
100007472777978
100002125602251
100026811694769
100040254470796
100034830613175
100013500375125
100008201527289
100039398021166
100036972723835
100049387334731
100043512247637
100054308078706
100040066661481
100013122078676
100035420350848
100026231384180
100028511719862
100045597300953
100034805914315
100026029634208
100028685643199
100051508661121
100022746444020
100040400282542
100006496036404
100053949964749
100013234776170
100041787262330
100015598994390
100026682281901
100021988872119
100044609752183
100051543949654
100030896413912
100046532446314
100019254572184
100052129362381
100044041899505
100054197059008
100041332542196
100034622313118
100022082196160
100050616547845
100039901939617
100025472182235
100012174377901
100051505572772
100051783222304
100009543139500
100029442708688
100027430418482
100050150801610
100050663717936
100052829116130
100048085892545
100045706338825
100026379232639
100019981840807
100044017298077
100049155501194
100028024992103
100054101091384
100047295856043
100043211869526
100049320969199
100024189940333
100051249991456
100047205342144
100046390682027
100035506724594
100004970495582
100052963123724
100046337021108
100012994426397
100048911532443
100047032482006
100052674993389
100031138335555
100049643451578
100048765474079
100048925722423
100037262951958
100050421610195
100045107764250
100054514629683
100048412010168
100044414745980
100047663633036
100052644157750
100045133110383
100054298532236
100051370636383
100049976598444
100022255934731
100027305468733
100048053370606
100046759764372
100047554560745
100049076680740
100053365995063
100052345163116
100050677193006
100050107333034
100053174019212
100054044434529
100052119520148
100051218835984
100050236961704
100048540901853
100047232545961
100054433659602
100047456649645
100028263077055
100007651990763
100049564744825
100009844897646
100007107577471
100049117936813
100051020316087
100045116403494
100046408386006
100029640623430
100003154701645
100003392974066
100052476961843
100002361106995
100004064784738
100028499461281
100045268236633
100002875340616
100044115610139
100043305010920
100012069581473
100006048066468
100051568390187
100003005305763
100004068091674
100015261182215
100007424596624
100031041382438
100009842414774
100009854948728
